24.74,26.66, 1458406132
24.73,26.62, 1458406138
24.72,26.74, 1458406143
24.71,26.72, 1458406148
24.73,26.79, 1458406153
24.72,26.73, 1458406158
24.72,28.03, 1458406163
24.73,27.13, 1458406169
24.75,26.61, 1458406174
24.72,26.71, 1458406179
24.73,26.89, 1458406184
24.73,26.52, 1458406189
24.74,26.91, 1458406195
24.75,26.90, 1458406200
24.74,26.68, 1458406205
24.75,26.69, 1458406210
24.74,26.67, 1458406215
24.75,26.78, 1458406221
24.74,26.73, 1458406226
24.74,26.99, 1458406231
24.75,26.96, 1458406236
24.75,26.98, 1458406241
24.76,26.83, 1458406247
24.75,26.68, 1458406252
24.75,26.95, 1458406257
24.76,26.99, 1458406262
24.76,26.71, 1458406267
24.75,26.88, 1458406273
24.76,26.78, 1458406278
24.76,26.54, 1458406283
24.74,26.53, 1458406288
24.74,26.52, 1458406293
24.74,26.82, 1458406298
24.74,26.73, 1458406304
24.74,26.83, 1458406309
24.73,26.68, 1458406314
24.72,27.08, 1458406319
24.75,26.73, 1458406324
24.74,26.44, 1458406330
24.74,26.64, 1458406335
24.73,26.64, 1458406340
24.72,26.88, 1458406345
24.75,26.82, 1458406350
24.73,27.03, 1458406356
24.74,28.01, 1458406361
24.74,27.14, 1458406366
24.74,27.59, 1458406371
24.73,26.35, 1458406376
24.75,26.19, 1458406382
24.73,26.85, 1458406387
24.74,26.78, 1458406392
24.74,26.49, 1458406397
24.73,26.22, 1458406402
24.72,26.13, 1458406407
24.71,26.11, 1458406413
24.71,26.18, 1458406418
24.72,26.55, 1458406423
24.72,26.56, 1458406428
24.73,26.47, 1458406433
24.71,26.38, 1458406439
24.71,26.34, 1458406444
24.70,26.38, 1458406449
24.69,26.41, 1458406454
24.69,26.64, 1458406459
24.71,27.33, 1458406465
24.70,27.30, 1458406470
24.73,26.93, 1458406475
24.74,26.70, 1458406480
24.73,27.46, 1458406485
24.73,28.06, 1458406491
24.74,26.95, 1458406496
24.73,26.86, 1458406501
24.74,26.79, 1458406506
24.74,26.72, 1458406511
24.74,26.48, 1458406517
24.75,30.73, 1458406522
24.76,29.39, 1458406527
24.76,27.32, 1458406532
24.76,26.66, 1458406537
24.76,27.08, 1458406542
24.76,26.96, 1458406548
24.76,26.72, 1458406553
24.75,26.57, 1458406558
24.77,26.55, 1458406563
24.75,26.49, 1458406568
24.76,27.13, 1458406574
24.75,27.08, 1458406579
24.75,27.53, 1458406584
24.74,26.99, 1458406589
24.76,26.97, 1458406594
24.75,26.99, 1458406600
24.76,28.15, 1458406605
24.77,27.57, 1458406610
24.76,26.86, 1458406615
24.76,26.58, 1458406620
24.77,28.63, 1458406626
24.77,27.53, 1458406631
24.77,26.84, 1458406636
24.77,26.41, 1458406641
24.77,26.60, 1458406646
24.77,26.48, 1458406651
24.76,26.29, 1458406657
24.75,26.39, 1458406662
24.75,26.49, 1458406667
24.76,26.63, 1458406672
24.76,26.58, 1458406677
24.76,26.94, 1458406683
24.78,28.09, 1458406688
24.79,27.14, 1458406693
24.78,26.63, 1458406698
24.80,26.66, 1458406703
24.79,26.51, 1458406709
24.79,26.40, 1458406714
24.78,26.37, 1458406719
24.79,26.51, 1458406724
24.78,26.55, 1458406729
24.80,26.37, 1458406735
24.79,26.39, 1458406740
24.79,26.36, 1458406745
24.78,26.32, 1458406750
24.79,27.28, 1458406755
24.78,26.59, 1458406760
24.80,26.79, 1458406766
24.80,27.02, 1458406771
24.80,26.74, 1458406776
24.82,26.67, 1458406781
24.79,26.50, 1458406786
24.80,26.79, 1458406792
24.79,26.90, 1458406797
24.82,26.63, 1458406802
24.78,26.48, 1458406807
24.80,26.46, 1458406812
24.79,27.37, 1458406818
24.82,27.02, 1458406823
24.82,27.16, 1458406828
24.80,27.20, 1458406833
24.82,28.22, 1458406838
24.80,27.49, 1458406844
